 000 000 000
 000 009 111
 000 012 114
 000 015 117
 000 018 120
 000 021 123
 000 024 126
 000 027 129
 000 030 132
 000 033 135
 000 036 138
 000 039 141
 000 042 144
 000 045 147
 000 048 150
 000 051 153
 000 057 147
 000 060 144
 000 063 141
 000 066 138
 000 069 135
 000 072 132
 000 075 129
 000 078 126
 000 081 123
 000 084 120
 000 087 117
 000 090 114
 000 093 111
 000 096 108
 000 099 105
 000 102 102
 000 108 102
 000 111 102
 000 114 102
 000 117 102
 000 120 102
 000 123 102
 000 126 102
 000 129 102
 000 132 102
 000 135 102
 000 138 102
 000 141 102
 000 144 102
 000 147 102
 000 150 102
 000 153 102
 000 159 102
 000 162 102
 000 165 102
 000 168 102
 000 171 102
 000 174 102
 000 177 102
 000 180 102
 000 183 102
 000 186 102
 000 189 102
 000 192 102
 000 195 102
 000 198 102
 000 201 102
 000 204 102
 000 204 096
 000 204 093
 000 204 090
 000 204 087
 000 204 084
 000 204 081
 000 204 078
 000 204 075
 000 204 072
 000 204 069
 000 204 066
 000 204 063
 000 204 060
 000 204 057
 000 204 054
 000 204 051
 006 204 051
 009 204 051
 012 204 051
 015 204 051
 018 204 051
 021 204 051
 024 204 051
 027 204 051
 030 204 051
 033 204 051
 036 204 051
 039 204 051
 042 204 051
 045 204 051
 048 204 051
 051 204 051
 057 204 045
 060 204 042
 063 204 039
 066 204 036
 069 204 033
 072 204 030
 075 204 027
 078 204 024
 081 204 021
 084 204 018
 087 204 015
 090 204 012
 093 204 009
 096 204 006
 099 204 003
 102 204 000
 108 204 000
 111 204 000
 114 204 000
 117 204 000
 120 204 000
 123 204 000
 126 204 000
 129 204 000
 132 204 000
 135 204 000
 138 204 000
 141 204 000
 144 204 000
 147 204 000
 150 204 000
 153 204 000
 159 204 000
 162 204 000
 165 204 000
 168 204 000
 171 204 000
 174 204 000
 177 204 000
 180 204 000
 183 204 000
 186 204 000
 189 204 000
 192 204 000
 195 204 000
 198 204 000
 201 204 000
 204 204 000
 210 210 000
 213 213 000
 216 216 000
 219 219 000
 222 222 000
 225 225 000
 228 228 000
 231 231 000
 234 234 000
 237 237 000
 240 240 000
 243 243 000
 246 246 000
 249 249 000
 252 252 000
 255 255 000
 255 249 000
 255 246 000
 255 243 000
 255 240 000
 255 237 000
 255 234 000
 255 231 000
 255 228 000
 255 225 000
 255 222 000
 255 219 000
 255 216 000
 255 213 000
 255 210 000
 255 207 000
 255 204 000
 255 198 006
 255 195 009
 255 192 012
 255 189 015
 255 186 018
 255 183 021
 255 180 024
 255 177 027
 255 174 030
 255 171 033
 255 168 036
 255 165 039
 255 162 042
 255 159 045
 255 156 048
 255 153 051
 255 147 045
 255 144 042
 255 141 039
 255 138 036
 255 135 033
 255 132 030
 255 129 027
 255 126 024
 255 123 021
 255 120 018
 255 117 015
 255 114 012
 255 111 009
 255 108 006
 255 105 003
 255 102 000
 255 095 005
 255 094 010
 255 093 015
 255 092 020
 255 091 025
 255 090 030
 255 089 035
 255 088 040
 255 087 045
 255 086 050
 255 085 055
 255 084 060
 255 083 065
 255 082 070
 255 081 075
 255 080 080
 255 066 075
 255 065 070
 255 064 065
 255 063 060
 255 062 055
 255 061 050
 255 060 045
 255 059 040
 255 058 035
 255 057 030
 255 056 025
 255 055 020
 255 054 015
 255 053 010
 255 052 005
 255 051 000
 255 045 000
 255 042 000
 255 039 000
 255 036 000
 255 033 000
 255 030 000
 255 027 000
 255 024 000
 255 021 000
 255 018 000
 255 015 000
 255 012 000
 255 009 000
 255 006 000
 255 003 000
 255 000 000
